0 0.4468206430 0.8097951106 0.5000000000 0.5000000000 0 0 -0.1323323077 0.9900149868 0.0485642477 1.6209091788 0.9817170710 0.1376711463 -0.1314467496 0.9432689003 -0.1368201477 0.0302816993 -0.9901329536 3.9124877445
1 0.4468206430 0.8097951106 0.5000000000 0.5000000000 0 0 -0.1323909032 0.9897535931 0.0534833966 1.6024584667 0.9820705215 0.1382863592 -0.1281185924 0.9308758083 -0.1342018614 0.0355627310 -0.9903156833 3.9195698345
2 0.4468206430 0.8097951106 0.5000000000 0.5000000000 0 0 -0.1326332167 0.9891076397 0.0638318644 1.5562304367 0.9829570964 0.1395327108 -0.1196911409 0.8969185116 -0.1272940550 0.0468689631 -0.9907570458 3.9326307456
3 0.4468206430 0.8097951106 0.5000000000 0.5000000000 0 0 -0.1315157343 0.9885637223 0.0737928080 1.5024195247 0.9834898888 0.1394498266 -0.1153316285 0.8773461103 -0.1243030583 0.0574065567 -0.9905822717 3.9445656909
4 0.4468206430 0.8097951106 0.5000000000 0.5000000000 0 0 -0.1304321582 0.9882594769 0.0795654347 1.4454929887 0.9840749751 0.1388183457 -0.1110221158 0.8558303991 -0.1207638001 0.0638174990 -0.9906277966 3.9489953402
5 0.4468206430 0.8097951106 0.5000000000 0.5000000000 0 0 -0.1294961711 0.9890635177 0.0705981556 1.4302278079 0.9841209830 0.1369123029 -0.1129642071 0.8520198322 -0.1213945321 0.0548486940 -0.9910877803 3.9279070030
6 0.4468206430 0.8097951106 0.5000000000 0.5000000000 0 0 -0.1296197687 0.9907202834 0.0408905332 1.4750829782 0.9847949211 0.1334357132 -0.1112379153 0.8266621722 -0.1156619164 0.0258501566 -0.9929522096 3.8729793336
7 0.4468206430 0.8097951106 0.5000000000 0.5000000000 0 0 -0.1272178270 0.9915595990 0.0250037226 1.4752345034 0.9846119825 0.1292911888 -0.1175713927 0.8388389810 -0.1198118041 0.0096617878 -0.9927496066 3.8319120620
8 0.4468206430 0.8097951106 0.5000000000 0.5000000000 0 0 -0.1239113988 0.9922441648 0.0098733303 1.4846477699 0.9843565440 0.1241701650 -0.1249958573 0.8544942040 -0.1252523831 -0.0057695343 -0.9921081357 3.7921064200
9 0.4468206430 0.8097951106 0.5000000000 0.5000000000 0 0 -0.1207531330 0.9925940633 -0.0132554250 1.5346067502 0.9831596781 0.1177389178 -0.1397662139 0.9012568914 -0.1371704348 -0.0299094076 -0.9900958030 3.7337167339
10 0.4468206430 0.8097951106 0.5000000000 0.5000000000 0 0 -0.1173597875 0.9928666281 -0.0210366155 1.5370463189 0.9826679469 0.1130413776 -0.1469195463 0.9177805325 -0.1434935065 -0.0379144544 -0.9889247230 3.7012482739
11 0.4468206430 0.8097951106 0.5000000000 0.5000000000 0 0 -0.1158522599 0.9926288268 -0.0355846322 1.5671885276 0.9817361499 0.1089909230 -0.1559330324 0.9424080736 -0.1509052211 -0.0529999140 -0.9871264475 3.6546402010
12 0.4468206430 0.8097951106 0.5000000000 0.5000000000 0 0 -0.1148768755 0.9920183873 -0.0519886792 1.5989005672 0.9816629887 0.1053519675 -0.1588670498 0.9428790301 -0.1521219249 -0.0692855125 -0.9859302398 3.6002697112
13 0.4468206430 0.8097951106 0.5000000000 0.5000000000 0 0 -0.1139265758 0.9911070909 -0.0687565973 1.6343715819 0.9818273944 0.1017465569 -0.1601955233 0.9390783358 -0.1517751720 -0.0857576382 -0.9846877295 3.5582714329
14 0.4468206430 0.8097951106 0.5000000000 0.5000000000 0 0 -0.1123114615 0.9897813299 -0.0878581499 1.6702333928 0.9824754536 0.0973746035 -0.1589344826 0.9296363379 -0.1487552311 -0.1041686397 -0.9833721451 3.5219074237
15 0.4468206430 0.8097951106 0.5000000000 0.5000000000 0 0 -0.1087307791 0.9868361930 -0.1197161052 1.7190362121 0.9834410471 0.0892201785 -0.1577449418 0.9081103661 -0.1449873255 -0.1348854623 -0.9801961985 3.4756712407
16 0.4468206430 0.8097951106 0.5000000000 0.5000000000 0 0 -0.1044515712 0.9842431194 -0.1426721807 1.7364006974 0.9843587659 0.0818495205 -0.1560079359 0.8821057592 -0.1418720879 -0.1567358857 -0.9773976534 3.4516642112
17 0.4468206430 0.8097951106 0.5000000000 0.5000000000 0 0 -0.0993282838 0.9793636002 -0.1760137228 1.7721388584 0.9857035264 0.0726495582 -0.1520217078 0.8507149251 -0.1360972079 -0.1885974026 -0.9725783103 3.4166474082
18 0.4468206430 0.8097951106 0.5000000000 0.5000000000 0 0 -0.0915900266 0.9748244316 -0.2032943547 1.7893735943 0.9867866577 0.0614488521 -0.1499204145 0.8285570502 -0.1336538781 -0.2143393715 -0.9675718447 3.3831277710
19 0.4468206430 0.8097951106 0.5000000000 0.5000000000 0 0 -0.0852259343 0.9703614930 -0.2261307433 1.8109599279 0.9873987672 0.0518818529 -0.1495056787 0.8098510827 -0.1333424716 -0.2360229783 -0.9625554212 3.3428511752
20 0.4468206430 0.8097951106 0.5000000000 0.5000000000 0 0 -0.0804135929 0.9656798343 -0.2469739091 1.8258310114 0.9877346065 0.0439296176 -0.1498350285 0.7903793935 -0.1338431961 -0.2559934499 -0.9573679295 3.2937203082
21 0.4468206430 0.8097951106 0.5000000000 0.5000000000 0 0 -0.0790341440 0.9525263012 -0.2940191314 1.9031423924 0.9883333117 0.0363509015 -0.1479049589 0.7660683950 -0.1301955029 -0.3022784437 -0.9442864361 3.1771274128
22 0.4468206430 0.8097951106 0.5000000000 0.5000000000 0 0 -0.0779743184 0.9415144609 -0.3278269751 1.9481964549 0.9885627864 0.0304409624 -0.1477056707 0.7596860556 -0.1290876563 -0.3355947969 -0.9331197722 3.0920279978
23 0.4468206430 0.8097951106 0.5000000000 0.5000000000 0 0 -0.0773344568 0.9309455558 -0.3568749836 1.9834575970 0.9885486577 0.0250759076 -0.1488044026 0.7626943680 -0.1295798332 -0.3642959937 -0.9222242113 3.0276457519
24 0.4468206430 0.8097951106 0.5000000000 0.5000000000 0 0 -0.0785143119 0.9166985522 -0.3917898254 2.0164168837 0.9883919753 0.0203056592 -0.1505622240 0.7647292455 -0.1300646221 -0.3990632088 -0.9076517776 2.9540551578
25 0.4468206430 0.8097951106 0.5000000000 0.5000000000 0 0 -0.0805847770 0.8995493969 -0.4293215302 2.0268699989 0.9883035531 0.0161633145 -0.1516404769 0.7523227407 -0.1294688406 -0.4365199078 -0.8903303822 2.8905632329
26 0.4468206430 0.8097951106 0.5000000000 0.5000000000 0 0 -0.0813704412 0.8848473745 -0.4587199310 2.0196052022 0.9883056480 0.0120816892 -0.1520065097 0.7567355085 -0.1289604494 -0.4657243354 -0.8754827502 2.8480327910
27 0.4468206430 0.8097951106 0.5000000000 0.5000000000 0 0 -0.0808249031 0.8743181515 -0.4785761226 2.0082456731 0.9881153187 0.0073008975 -0.1535409190 0.7676170920 -0.1307495773 -0.4852983278 -0.8645172532 2.8087299910
28 0.4468206430 0.8097951106 0.5000000000 0.5000000000 0 0 -0.0797736563 0.8673965821 -0.4911815684 1.9980325919 0.9881710999 0.0040710609 -0.1533013496 0.7593744257 -0.1309734366 -0.4976008399 -0.8574609980 2.7763752309
29 0.4468206430 0.8097951106 0.5000000000 0.5000000000 0 0 -0.0779940142 0.8522932080 -0.5172168031 1.9656064730 0.9886293056 -0.0007829677 -0.1503711513 0.7146735272 -0.1285652749 -0.5230637386 -0.8425409755 2.6889193815
30 0.4468206430 0.8097951106 0.5000000000 0.5000000000 0 0 -0.0759729290 0.8378338155 -0.5406131812 1.9486955490 0.9890745452 -0.0053702381 -0.1473183784 0.7031379636 -0.1263315406 -0.5458989450 -0.8282721073 2.6026219806
31 0.4468206430 0.8097951106 0.5000000000 0.5000000000 0 0 -0.0709509569 0.8215503803 -0.5657039281 1.9420772778 0.9896342719 -0.0130136209 -0.1430197665 0.6896390749 -0.1248598001 -0.5699873843 -0.8121110836 2.5233919061
32 0.4468206430 0.8097951106 0.5000000000 0.5000000000 0 0 -0.0669683765 0.8061827647 -0.5878644287 1.9450525346 0.9902462275 -0.0184451023 -0.1381020892 0.6728855231 -0.1221787436 -0.5913790055 -0.7970842029 2.4578753699
33 0.4468206430 0.8097951106 0.5000000000 0.5000000000 0 0 -0.0620956306 0.7863060614 -0.6147088013 1.9333461236 0.9909163464 -0.0250394783 -0.1321280399 0.6371934896 -0.1192850664 -0.6173295735 -0.7776086873 2.3821835553
34 0.4468206430 0.8097951106 0.5000000000 0.5000000000 0 0 -0.0555596218 0.7588383255 -0.6489048652 1.8890893669 0.9916026581 -0.0340768143 -0.1247515095 0.6130509490 -0.1167788372 -0.6503869359 -0.7505728058 2.2933226840
35 0.4468206430 0.8097951106 0.5000000000 0.5000000000 0 0 -0.0507298505 0.7405038687 -0.6701346900 1.8707467094 0.9918333008 -0.0412650779 -0.1206809707 0.6154288955 -0.1170178859 -0.6707840291 -0.7323630252 2.2387569606
36 0.4468206430 0.8097951106 0.5000000000 0.5000000000 0 0 -0.0443477978 0.7222379676 -0.6902214072 1.8440246232 0.9917737368 -0.0512132300 -0.1173118067 0.6080765800 -0.1200755086 -0.6897459846 -0.7140254540 2.1758357031
37 0.4468206430 0.8097951106 0.5000000000 0.5000000000 0 0 -0.0401547329 0.7077232777 -0.7053476870 1.8174858289 0.9914536705 -0.0594721801 -0.1161149388 0.5877112256 -0.1241258097 -0.7039821177 -0.6992867519 2.1143690452
38 0.4468206430 0.8097951106 0.5000000000 0.5000000000 0 0 -0.0354929917 0.6859559736 -0.7267768914 1.7590089037 0.9907881908 -0.0709470821 -0.1153484828 0.5755905175 -0.1306866806 -0.7241760241 -0.6771189538 1.9987396359
39 0.4468206430 0.8097951106 0.5000000000 0.5000000000 0 0 -0.0326575879 0.6729960232 -0.7389247829 1.7173428327 0.9898703764 -0.0804250018 -0.1169976798 0.5902261237 -0.1381670003 -0.7352606150 -0.6635523402 1.9340442541
40 0.4468206430 0.8097951106 0.5000000000 0.5000000000 0 0 -0.0290843936 0.6625537928 -0.7484494437 1.6578247648 0.9887648643 -0.0907627888 -0.1187693533 0.6004965235 -0.1466224443 -0.7434948472 -0.6524701303 1.8766185321
41 0.4468206430 0.8097951106 0.5000000000 0.5000000000 0 0 -0.0274930590 0.6535182119 -0.7564113157 1.5593231623 0.9875260705 -0.0996037414 -0.1219481644 0.5921766638 -0.1550367434 -0.7503286223 -0.6426278602 1.8208225514
42 0.4468206430 0.8097951106 0.5000000000 0.5000000000 0 0 -0.0278862223 0.6465834625 -0.7623333815 1.4657798792 0.9862946169 -0.1062696964 -0.1262128375 0.5987710102 -0.1626200705 -0.7554049097 -0.6347583281 1.7889306201
43 0.4468206430 0.8097951106 0.5000000000 0.5000000000 0 0 -0.0285790623 0.6447783947 -0.7638350993 1.3482655818 0.9852631735 -0.1107486060 -0.1303503939 0.6219976367 -0.1686407902 -0.7563038860 -0.6321113161 1.7521871871
44 0.4468206430 0.8097951106 0.5000000000 0.5000000000 0 0 -0.0299139338 0.6453435353 -0.7633065426 1.2599542302 0.9842538938 -0.1140775935 -0.1350206471 0.6379701800 -0.1742108752 -0.7553264355 -0.6317693779 1.7248199875
45 0.4468206430 0.8097951106 0.5000000000 0.5000000000 0 0 -0.0311482748 0.6452762679 -0.7633140396 1.2072007236 0.9835959134 -0.1159657860 -0.1381702417 0.6399725194 -0.1776762905 -0.7550963346 -0.6310789659 1.7036246779
46 0.4468206430 0.8097951106 0.5000000000 0.5000000000 0 0 -0.0321126634 0.6422182077 -0.7658489085 1.1023079475 0.9819981966 -0.1224297391 -0.1438419300 0.6318001999 -0.1861405885 -0.7566813945 -0.6267255768 1.6466876345
47 0.4468206430 0.8097951106 0.5000000000 0.5000000000 0 0 -0.0306491064 0.6383281902 -0.7691539208 1.0453632952 0.9811209196 -0.1277961025 -0.1451547360 0.6415137341 -0.1909512332 -0.7590818650 -0.6223603046 1.6130388173
48 0.4468206430 0.8097951106 0.5000000000 0.5000000000 0 0 -0.0247210229 0.6350453991 -0.7720791489 0.9608002523 0.9801759407 -0.1364715551 -0.1436337002 0.6444582851 -0.1965807626 -0.7603241781 -0.6190825050 1.5808195517
49 0.4468206430 0.8097951106 0.5000000000 0.5000000000 0 0 -0.0208679606 0.6300811389 -0.7762488561 0.8996921183 0.9798272012 -0.1414609628 -0.1411646267 0.6315306589 -0.1987540793 -0.7635355620 -0.6144186371 1.5621193048
50 0.4468206430 0.8097951106 0.5000000000 0.5000000000 0 0 -0.0165862606 0.6185955756 -0.7855344740 0.7851891686 0.9793907708 -0.1481141019 -0.1373168998 0.6200518889 -0.2012923598 -0.7716227878 -0.6033901385 1.5420870665
51 0.4468206430 0.8097951106 0.5000000000 0.5000000000 0 0 -0.0153654519 0.6123670370 -0.7904242625 0.7208553489 0.9795778625 -0.1492801621 -0.1346946344 0.6205011455 -0.2004772163 -0.7763517535 -0.5975674361 1.5290768725
52 0.4468206430 0.8097951106 0.5000000000 0.5000000000 0 0 -0.0162902694 0.6022195744 -0.7981642759 0.6176519081 0.9804354932 -0.1469928510 -0.1309173232 0.6033745347 -0.1961654172 -0.7846812639 -0.5880428923 1.4876695208
53 0.4468206430 0.8097951106 0.5000000000 0.5000000000 0 0 -0.0210465925 0.5957537365 -0.8028913540 0.5537921367 0.9811641547 -0.1419363875 -0.1310380225 0.5785211950 -0.1920258899 -0.7905261206 -0.5815449340 1.4466867605
54 0.4468206430 0.8097951106 0.5000000000 0.5000000000 0 0 -0.0292748478 0.5869222790 -0.8091138496 0.4892899157 0.9817883914 -0.1351243257 -0.1335401476 0.5583336847 -0.1877086511 -0.7982879524 -0.5722777362 1.3880383113
55 0.4468206430 0.8097951106 0.5000000000 0.5000000000 0 0 -0.0368974300 0.5783323316 -0.8149664373 0.4306098273 0.9821323382 -0.1296118647 -0.1364435221 0.5591270996 -0.1845390198 -0.8054393080 -0.5632165404 1.3307172193
56 0.4468206430 0.8097951106 0.5000000000 0.5000000000 0 0 -0.0451072035 0.5626285834 -0.8254782961 0.3680862474 0.9824238630 -0.1248417554 -0.1387727983 0.5495031010 -0.1811317024 -0.8172292293 -0.5471084838 1.2695881485
57 0.4468206430 0.8097951106 0.5000000000 0.5000000000 0 0 -0.0502606556 0.5458366368 -0.8363828264 0.3157233743 0.9823608245 -0.1240073793 -0.1399620679 0.5261417198 -0.1801140668 -0.8286643082 -0.5299758364 1.2239567067
58 0.4468206430 0.8097951106 0.5000000000 0.5000000000 0 0 -0.0526104116 0.5284801380 -0.8473139255 0.2550900818 0.9817995621 -0.1276802581 -0.1405964848 0.5084951595 -0.1824877104 -0.8392892799 -0.5121442572 1.1833871789
59 0.4468206430 0.8097951106 0.5000000000 0.5000000000 0 0 -0.0535341812 0.5060092286 -0.8608651183 0.1874756726 0.9810748241 -0.1339988705 -0.1397730026 0.5142053460 -0.1860813828 -0.8520557278 -0.4892593952 1.1351581467
60 0.4468206430 0.8097951106 0.5000000000 0.5000000000 0 0 -0.0513199384 0.4823641821 -0.8744661570 0.1325656908 0.9799712596 -0.1443794409 -0.1371528614 0.5174291992 -0.1924125627 -0.8639903778 -0.4652934911 1.0875706322
61 0.4468206430 0.8097951106 0.5000000000 0.5000000000 0 0 -0.0491948745 0.4566075023 -0.8883070714 0.0886926098 0.9785769771 -0.1559840078 -0.1343729479 0.5076803495 -0.1999173932 -0.8758873090 -0.4391519757 1.0321989802
62 0.4468206430 0.8097951106 0.5000000000 0.5000000000 0 0 -0.0490115301 0.4199583004 -0.9062190110 0.0469148466 0.9759247848 -0.1729261791 -0.1329185878 0.4875051684 -0.2125292552 -0.8909161366 -0.4013723373 0.9574646265
63 0.4468206430 0.8097951106 0.5000000000 0.5000000000 0 0 -0.0510087644 0.3861784142 -0.9210126700 0.0208480548 0.9756159673 -0.1778578233 -0.1286082385 0.4865485058 -0.2134750344 -0.9051148143 -0.3676895193 0.9052256404
64 0.4468206430 0.8097951106 0.5000000000 0.5000000000 0 0 -0.0512023019 0.3619778374 -0.9307794419 -0.0113191474 0.9757599172 -0.1804297796 -0.1238453817 0.4779426726 -0.2127696130 -0.9145584399 -0.3439650446 0.8696939231
65 0.4468206430 0.8097951106 0.5000000000 0.5000000000 0 0 -0.0524353936 0.3206992169 -0.9457285772 -0.0920368113 0.9757173947 -0.1852243002 -0.1169081873 0.4587146804 -0.2126642780 -0.9288939503 -0.3031994953 0.8230779333
66 0.4468206430 0.8097951106 0.5000000000 0.5000000000 0 0 -0.0566042658 0.2816336605 -0.9578509479 -0.1728231840 0.9761415989 -0.1858256197 -0.1123228288 0.4287886760 -0.2096271354 -0.9413561071 -0.2643958089 0.8126535564
67 0.4468206430 0.8097951106 0.5000000000 0.5000000000 0 0 -0.0604933569 0.2423249336 -0.9683073791 -0.2814853731 0.9769877182 -0.1844082052 -0.1071849446 0.4295439119 -0.2045374104 -0.9525083939 -0.2255930125 0.8006741286
68 0.4468206430 0.8097951106 0.5000000000 0.5000000000 0 0 -0.0620502420 0.2263417570 -0.9720695327 -0.3399019598 0.9771575983 -0.1845653426 -0.1053501894 0.4297915676 -0.2032554933 -0.9564021347 -0.2097192435 0.7917314348
69 0.4468206430 0.8097951106 0.5000000000 0.5000000000 0 0 -0.0657452020 0.2106128548 -0.9753562394 -0.4236276034 0.9767913006 -0.1861089847 -0.1060292453 0.4072312340 -0.2038536815 -0.9596904038 -0.1934890315 0.7721347392
70 0.4468206430 0.8097951106 0.5000000000 0.5000000000 0 0 -0.0719230152 0.1912973487 -0.9788934591 -0.5104385881 0.9759248272 -0.1891121204 -0.1086615733 0.3891645843 -0.2059072885 -0.9631416980 -0.1730903180 0.7502992224
71 0.4468206430 0.8097951106 0.5000000000 0.5000000000 0 0 -0.0744205148 0.1843036652 -0.9800478284 -0.5643251199 0.9753276532 -0.1913757026 -0.1100513938 0.3934911308 -0.2078402170 -0.9640578299 -0.1655141830 0.7403393703
72 0.4468206430 0.8097951106 0.5000000000 0.5000000000 0 0 -0.0743593104 0.1835428408 -0.9801952451 -0.6455227302 0.9749689143 -0.1931499623 -0.1101304148 0.3959092449 -0.2095383239 -0.9638491156 -0.1645860663 0.7337410199
73 0.4468206430 0.8097951106 0.5000000000 0.5000000000 0 0 -0.0737494719 0.1828239943 -0.9803756436 -0.7195680140 0.9754839566 -0.1911633796 -0.1090303293 0.3829649513 -0.2073452816 -0.9643816410 -0.1642436750 0.7427872697
74 0.4468206430 0.8097951106 0.5000000000 0.5000000000 0 0 -0.0736223166 0.1804182129 -0.9808307820 -0.8096923681 0.9765277371 -0.1865787729 -0.1076194231 0.3631142057 -0.2024187077 -0.9657316553 -0.1624470277 0.7704682627
75 0.4468206430 0.8097951106 0.5000000000 0.5000000000 0 0 -0.0724526894 0.1749319690 -0.9819111029 -0.9453056859 0.9784909498 -0.1781876571 -0.1039452739 0.3544454698 -0.1931477904 -0.9683222424 -0.1582591735 0.8207770426
76 0.4468206430 0.8097951106 0.5000000000 0.5000000000 0 0 -0.0687555422 0.1786623786 -0.9815051859 -1.0379422885 0.9794988635 -0.1746446027 -0.1004053743 0.3594337129 -0.1893532463 -0.9682866400 -0.1629918124 0.8423565830
77 0.4468206430 0.8097951106 0.5000000000 0.5000000000 0 0 -0.0662226278 0.1827378582 -0.9809288653 -1.1443187562 0.9808389311 -0.1685956099 -0.0976243390 0.3472868947 -0.1832199629 -0.9685981600 -0.1680715612 0.8567567694
78 0.4468206430 0.8097951106 0.5000000000 0.5000000000 0 0 -0.0666822460 0.1742510341 -0.9824408660 -1.2513451668 0.9823857679 -0.1607964518 -0.0951982360 0.3163331655 -0.1745613965 -0.9714839567 -0.1604594674 0.8840099566
79 0.4468206430 0.8097951106 0.5000000000 0.5000000000 0 0 -0.0676817644 0.1611417194 -0.9846078026 -1.3339340582 0.9834485211 -0.1554713138 -0.0930466382 0.2945453935 -0.1680719639 -0.9746086480 -0.1479520128 0.9095266977
80 0.4468206430 0.8097951106 0.5000000000 0.5000000000 0 0 -0.0663301289 0.1466076836 -0.9869683385 -1.4385008944 0.9852928320 -0.1464857609 -0.0879770255 0.2892893089 -0.1574749160 -0.9782883567 -0.1347350804 0.9482461533
81 0.4468206430 0.8097951106 0.5000000000 0.5000000000 0 0 -0.0672538211 0.1242428871 -0.9899700140 -1.5127817559 0.9860141854 -0.1433692384 -0.0849781594 0.2839089355 -0.1524891789 -0.9818395829 -0.1128631200 1.0071540244
82 0.4468206430 0.8097951106 0.5000000000 0.5000000000 0 0 -0.0688018451 0.0990398209 -0.9927020802 -1.5823584383 0.9863641799 -0.1423675243 -0.0825662918 0.2682703031 -0.1495058883 -0.9848464865 -0.0878941833 1.0943415473
83 0.4468206430 0.8097951106 0.5000000000 0.5000000000 0 0 -0.0701768159 0.0688435881 -0.9951561560 -1.6594973911 0.9868402742 -0.1408965756 -0.0793374322 0.2758269471 -0.1456759680 -0.9876278223 -0.0580499523 1.1933644068
84 0.4468206430 0.8097951106 0.5000000000 0.5000000000 0 0 -0.0706185589 0.0415568358 -0.9966373706 -1.7216817096 0.9868333910 -0.1428360129 -0.0758797201 0.2960699180 -0.1455090293 -0.9888735525 -0.0309227998 1.2726064228
85 0.4468206430 0.8097951106 0.5000000000 0.5000000000 0 0 -0.0714821798 0.0136958452 -0.9973478439 -1.7839690308 0.9868317054 -0.1444855225 -0.0727125778 0.2900642556 -0.1450981846 -0.9894121273 -0.0031873542 1.3371133736
86 0.4468206430 0.8097951106 0.5000000000 0.5000000000 0 0 -0.0751410537 -0.0216698949 -0.9969374292 -1.8404708298 0.9866790912 -0.1462757337 -0.0711883462 0.2651368572 -0.1442851099 -0.9890064840 0.0323725450 1.4117240295
87 0.4468206430 0.8097951106 0.5000000000 0.5000000000 0 0 -0.0783081687 -0.0656478446 -0.9947653951 -1.8890405279 0.9868524710 -0.1466182683 -0.0680094391 0.2762515095 -0.1413861065 -0.9870123828 0.0762661457 1.5083404430
88 0.4468206430 0.8097951106 0.5000000000 0.5000000000 0 0 -0.0785160218 -0.0874187982 -0.9930725996 -1.9224071546 0.9868721640 -0.1478405365 -0.0650115957 0.2886668853 -0.1411331504 -0.9851401573 0.0978790294 1.5680655595
89 0.4468206430 0.8097951106 0.5000000000 0.5000000000 0 0 -0.0793304263 -0.1163544573 -0.9900345063 -1.9708368084 0.9870567835 -0.1480293386 -0.0616945790 0.2869459733 -0.1393757139 -0.9821145326 0.1265916869 1.6616626333
90 0.4468206430 0.8097951106 0.5000000000 0.5000000000 0 0 -0.0802962965 -0.1538870518 -0.9848204304 -2.0403022016 0.9877753692 -0.1447230177 -0.0579229509 0.2698058497 -0.1336125925 -0.9774323626 0.1636265617 1.8127291466
91 0.4468206430 0.8097951106 0.5000000000 0.5000000000 0 0 -0.0798517192 -0.1757714626 -0.9811870851 -2.0898356953 0.9882959551 -0.1423135393 -0.0549359780 0.2793820110 -0.1299800296 -0.9740899596 0.1850782063 1.9040648821
92 0.4468206430 0.8097951106 0.5000000000 0.5000000000 0 0 -0.0782552163 -0.1992511491 -0.9768188679 -2.1375921064 0.9887783687 -0.1405820175 -0.0505374519 0.2987730585 -0.1272535218 -0.9698121859 0.2080165024 1.9934681738
93 0.4468206430 0.8097951106 0.5000000000 0.5000000000 0 0 -0.0774302311 -0.2221816114 -0.9719258670 -2.1924579227 0.9892560424 -0.1383712264 -0.0471792998 0.2858670091 -0.1240042013 -0.9651366407 0.2305086176 2.0744548812
94 0.4468206430 0.8097951106 0.5000000000 0.5000000000 0 0 -0.0773313420 -0.2376258319 -0.9682736326 -2.2300804147 0.9894370772 -0.1377291298 -0.0452212024 0.2700311940 -0.1226137589 -0.9615428492 0.2457665870 2.1250351379
95 0.4468206430 0.8097951106 0.5000000000 0.5000000000 0 0 -0.0766103595 -0.2716533193 -0.9593410900 -2.2850348462 0.9903713821 -0.1320032062 -0.0417094597 0.2693170393 -0.1153055865 -0.9532993379 0.2791504864 2.2334334714
96 0.4468206430 0.8097951106 0.5000000000 0.5000000000 0 0 -0.0753025640 -0.2905698248 -0.9538861047 -2.3131578330 0.9905959364 -0.1313853262 -0.0381783553 0.2844195966 -0.1142331590 -0.9477906272 0.2977309397 2.3035932307
97 0.4468206430 0.8097951106 0.5000000000 0.5000000000 0 0 -0.0740571544 -0.3201942376 -0.9444528512 -2.3617434394 0.9909095670 -0.1302841287 -0.0335302239 0.2769046011 -0.1123110323 -0.9383505187 0.3269320051 2.4293574572
98 0.4468206430 0.8097951106 0.5000000000 0.5000000000 0 0 -0.0724362423 -0.3409289753 -0.9372942039 -2.4055071034 0.9911772265 -0.1291939876 -0.0296077579 0.2826741343 -0.1109986331 -0.9311693441 0.3472793632 2.5279136901
99 0.4468206430 0.8097951106 0.5000000000 0.5000000000 0 0 -0.0696030269 -0.3632217319 -0.9290992369 -2.4489008433 0.9914814239 -0.1279713034 -0.0242473019 0.3078004164 -0.1100908934 -0.9228723200 0.3690347900 2.6260095125
100 0.4468206430 0.8097951106 0.5000000000 0.5000000000 0 0 -0.0666246089 -0.3820190052 -0.9217497714 -2.4788392400 0.9916652953 -0.1274536414 -0.0188550079 0.3319396293 -0.1102773935 -0.9153234668 0.3873265387 2.6952047717
101 0.4468206430 0.8097951106 0.5000000000 0.5000000000 0 0 -0.0642732509 -0.4034239230 -0.9127530266 -2.5180353729 0.9917909864 -0.1271395031 -0.0136449987 0.3233868840 -0.1105422473 -0.9061372330 0.4082838797 2.7604774972
102 0.4468206430 0.8097951106 0.5000000000 0.5000000000 0 0 -0.0627035910 -0.4290206832 -0.9011157046 -2.5470292378 0.9920585884 -0.1254312799 -0.0093140343 0.3232618691 -0.1090321828 -0.8945435973 0.4334786450 2.8255254705
103 0.4468206430 0.8097951106 0.5000000000 0.5000000000 0 0 -0.0607158222 -0.4492384170 -0.8913464162 -2.5705410498 0.9920390473 -0.1258625808 -0.0041399839 0.3513207823 -0.1103273205 -0.8845018120 0.4533039012 2.8872158730
104 0.4468206430 0.8097951106 0.5000000000 0.5000000000 0 0 -0.0579812302 -0.4702468195 -0.8806282449 -2.5886682390 0.9922583936 -0.1241866066 0.0009833826 0.3641704218 -0.1098246659 -0.8737537499 0.4738068460 2.9576298291
105 0.4468206430 0.8097951106 0.5000000000 0.5000000000 0 0 -0.0541815226 -0.5048122267 -0.8615271199 -2.5954091464 0.9927743443 -0.1197470089 0.0077301439 0.3582421307 -0.1070675668 -0.8548831906 0.5076527027 3.0863280350
106 0.4468206430 0.8097951106 0.5000000000 0.5000000000 0 0 -0.0495244851 -0.5329945232 -0.8446680790 -2.5971022830 0.9931616682 -0.1158001304 0.0148401666 0.3834611835 -0.1057224012 -0.8381570068 0.5350846716 3.1946947456
107 0.4468206430 0.8097951106 0.5000000000 0.5000000000 0 0 -0.0411372509 -0.5676440087 -0.8222457090 -2.5662025230 0.9935355473 -0.1103854327 0.0264985370 0.4273465223 -0.1058056841 -0.8158402635 0.5685154541 3.3199710958
108 0.4468206430 0.8097951106 0.5000000000 0.5000000000 0 0 -0.0346643611 -0.5911444320 -0.8058204779 -2.5345466008 0.9936245805 -0.1069363286 0.0357045455 0.4509245560 -0.1072780267 -0.7994453591 0.5910825178 3.3897796872
109 0.4468206430 0.8097951106 0.5000000000 0.5000000000 0 0 -0.0271538577 -0.6215157105 -0.7829309610 -2.4859136607 0.9935364858 -0.1031362843 0.0474147460 0.4792060303 -0.1102175997 -0.7765829824 0.6202990829 3.4765425627
110 0.4468206430 0.8097951106 0.5000000000 0.5000000000 0 0 -0.0208902831 -0.6491762099 -0.7603511324 -2.4340391378 0.9932460011 -0.1002935913 0.0583401817 0.5298685191 -0.1141314038 -0.7539969788 0.6468868360 3.5604402333
111 0.4468206430 0.8097951106 0.5000000000 0.5000000000 0 0 -0.0139528289 -0.6717745585 -0.7406242375 -2.4019983056 0.9927085467 -0.0979981713 0.0701861796 0.5825352684 -0.1197291107 -0.7342447146 0.6682436974 3.6399636995
112 0.4468206430 0.8097951106 0.5000000000 0.5000000000 0 0 -0.0090770467 -0.6921407133 -0.7217055080 -2.4040223016 0.9923340669 -0.0951929012 0.0788125063 0.6107558228 -0.1232505854 -0.7154575771 0.6876988793 3.7343640111
113 0.4468206430 0.8097951106 0.5000000000 0.5000000000 0 0 -0.0088568384 -0.7030587868 -0.7110765772 -2.4284940924 0.9921445698 -0.0949154266 0.0814875112 0.6249045041 -0.1247826475 -0.7047690431 0.6983766082 3.8066724098
114 0.4468206430 0.8097951106 0.5000000000 0.5000000000 0 0 -0.0113882577 -0.7124124347 -0.7016686045 -2.4721351786 0.9916900078 -0.0979740061 0.0833787894 0.6553314368 -0.1281453705 -0.6948882047 0.7076080461 3.8847642194
115 0.4468206430 0.8097951106 0.5000000000 0.5000000000 0 0 -0.0166045256 -0.7170520775 -0.6968217907 -2.5176682832 0.9912173407 -0.1032506594 0.0826285958 0.6661177836 -0.1311963156 -0.6893298336 0.7124688816 3.9315982903
116 0.4468206430 0.8097951106 0.5000000000 0.5000000000 0 0 -0.0208260021 -0.7190075870 -0.6946901233 -2.5439729813 0.9909835672 -0.1068310902 0.0808621523 0.6584242649 -0.1323550042 -0.6867424612 0.7147495680 3.9465638802
117 0.4468206430 0.8097951106 0.5000000000 0.5000000000 0 0 -0.0353364471 -0.7266007490 -0.6861506300 -2.6017505337 0.9902027293 -0.1182651800 0.0742421850 0.6187549423 -0.1350921550 -0.6768047715 0.7236611161 3.9770408252
118 0.4468206430 0.8097951106 0.5000000000 0.5000000000 0 0 -0.0448625146 -0.7361380201 -0.6753430019 -2.6197217116 0.9893158598 -0.1266062839 0.0722840124 0.6106872520 -0.1387136776 -0.6648847000 0.7339528945 4.0047835620
119 0.4468206430 0.8097951106 0.5000000000 0.5000000000 0 0 -0.0516571202 -0.7500432351 -0.6593684004 -2.6120188287 0.9882300301 -0.1335875836 0.0745370053 0.6296600229 -0.1439894079 -0.6477572871 0.7481159986 4.0619181444
120 0.4468206430 0.8097951106 0.5000000000 0.5000000000 0 0 -0.0549090303 -0.7651545316 -0.6415010064 -2.5885656234 0.9872124588 -0.1378961015 0.0799764110 0.6508896801 -0.1496548012 -0.6289063587 0.7629418277 4.1341301776
