0 0.4499502609 0.8189902365 0.5000000000 0.5000000000 0 0 -0.0637217918 0.9612452784 -0.2682294689 -2.8914416500 0.9907810409 0.0287371513 -0.1323899734 -1.1079155321 -0.1195510860 -0.2741927987 -0.9542147803 6.3565596798
1 0.4499502609 0.8189902365 0.5000000000 0.5000000000 0 0 -0.0652517777 0.9613091033 -0.2676322352 -2.8845425963 0.9907865180 0.0305172807 -0.1319498821 -1.1200009348 -0.1186772148 -0.2737763748 -0.9544434060 6.3504047048
2 0.4499502609 0.8189902365 0.5000000000 0.5000000000 0 0 -0.0693290462 0.9603013344 -0.2702125654 -2.8572913909 0.9911381950 0.0355405343 -0.1279919872 -1.1593761708 -0.1133073771 -0.2766915568 -0.9542553226 6.3215921419
3 0.4499502609 0.8189902365 0.5000000000 0.5000000000 0 0 -0.0725805887 0.9586175951 -0.2752896013 -2.8226429172 0.9913501796 0.0390788310 -0.1252903287 -1.1864024972 -0.1093475178 -0.2820020415 -0.9531620895 6.3016644581
4 0.4499502609 0.8189902365 0.5000000000 0.5000000000 0 0 -0.0773744884 0.9562168393 -0.2822455398 -2.7805822289 0.9915434342 0.0442197021 -0.1220091634 -1.2130174662 -0.1041864029 -0.2892991085 -0.9515520056 6.2579114689
5 0.4499502609 0.8189902365 0.5000000000 0.5000000000 0 0 -0.0826520624 0.9542332496 -0.2874152780 -2.7550830468 0.9916933229 0.0502312823 -0.1184110284 -1.2359773770 -0.0985545025 -0.2948147277 -0.9504584611 6.1841192032
6 0.4499502609 0.8189902365 0.5000000000 0.5000000000 0 0 -0.0916864910 0.9506561739 -0.2963889780 -2.7057792288 0.9917333753 0.0603424685 -0.1132417718 -1.2761386158 -0.0897691470 -0.3043215823 -0.9483300453 6.0826596584
7 0.4499502609 0.8189902365 0.5000000000 0.5000000000 0 0 -0.0971273726 0.9483028047 -0.3021391470 -2.6772172161 0.9915561735 0.0659905007 -0.1116315758 -1.2845471089 -0.0859222228 -0.3104304181 -0.9467049842 6.0226748165
8 0.4499502609 0.8189902365 0.5000000000 0.5000000000 0 0 -0.1009621547 0.9463086194 -0.3070938623 -2.6470569334 0.9915378459 0.0703900490 -0.1090776840 -1.3060046204 -0.0816048005 -0.3155079047 -0.9454075410 5.9614061413
9 0.4499502609 0.8189902365 0.5000000000 0.5000000000 0 0 -0.1019192192 0.9467858804 -0.3053014404 -2.6525963415 0.9917062182 0.0725431035 -0.1060955930 -1.3234883921 -0.0783022955 -0.3135825169 -0.9463269814 5.8935647547
10 0.4499502609 0.8189902365 0.5000000000 0.5000000000 0 0 -0.0993741148 0.9497353308 -0.2968629091 -2.6777375017 0.9920923514 0.0715806131 -0.1030969548 -1.3255891910 -0.0766651915 -0.3047605901 -0.9493384176 5.8069351422
11 0.4499502609 0.8189902365 0.5000000000 0.5000000000 0 0 -0.0937690196 0.9545304636 -0.2829822700 -2.6995227901 0.9926212927 0.0676847592 -0.1006068715 -1.3070836302 -0.0768787368 -0.2903280343 -0.9538339962 5.7185555335
12 0.4499502609 0.8189902365 0.5000000000 0.5000000000 0 0 -0.0853707425 0.9599675116 -0.2667849564 -2.6815905046 0.9934695481 0.0616725054 -0.0959935365 -1.2806032197 -0.0756973797 -0.2732377695 -0.9589635176 5.6169496186
13 0.4499502609 0.8189902365 0.5000000000 0.5000000000 0 0 -0.0772470465 0.9652383450 -0.2496954768 -2.6530471782 0.9943507466 0.0562993121 -0.0899832220 -1.2637590496 -0.0727975727 -0.2552358220 -0.9641344245 5.5301507926
14 0.4499502609 0.8189902365 0.5000000000 0.5000000000 0 0 -0.0708769315 0.9690087113 -0.2366401866 -2.6122517494 0.9950410248 0.0520877240 -0.0847362259 -1.2682990626 -0.0697840923 -0.2414725375 -0.9678952392 5.4662993487
15 0.4499502609 0.8189902365 0.5000000000 0.5000000000 0 0 -0.0653019523 0.9724031669 -0.2239815528 -2.5725836651 0.9957711432 0.0489668662 -0.0777307942 -1.2966802113 -0.0646179957 -0.2281103395 -0.9714886451 5.3894394864
16 0.4499502609 0.8189902365 0.5000000000 0.5000000000 0 0 -0.0623377244 0.9744831273 -0.2156308021 -2.5698819849 0.9961780540 0.0475066772 -0.0732966601 -1.3032018941 -0.0611824557 -0.2193758198 -0.9737201635 5.3151360946
17 0.4499502609 0.8189902365 0.5000000000 0.5000000000 0 0 -0.0605171500 0.9761727964 -0.2083850910 -2.5756180912 0.9965148117 0.0470783419 -0.0688611631 -1.2993491114 -0.0574099696 -0.2118261110 -0.9756196975 5.2063672456
18 0.4499502609 0.8189902365 0.5000000000 0.5000000000 0 0 -0.0595851232 0.9769611643 -0.2049304675 -2.5758751227 0.9965708427 0.0464119896 -0.0685016984 -1.2515228402 -0.0574122683 -0.2083094108 -0.9763764749 5.0937039476
19 0.4499502609 0.8189902365 0.5000000000 0.5000000000 0 0 -0.0579004427 0.9778972919 -0.2009089974 -2.5874041178 0.9966341391 0.0449211761 -0.0685746360 -1.2048849676 -0.0580338824 -0.2042032674 -0.9772067816 4.9801108945
20 0.4499502609 0.8189902365 0.5000000000 0.5000000000 0 0 -0.0557421054 0.9782933713 -0.1995868168 -2.5890762367 0.9968309450 0.0431663241 -0.0668186763 -1.1822822867 -0.0567528389 -0.2026789289 -0.9775992876 4.9022522323
21 0.4499502609 0.8189902365 0.5000000000 0.5000000000 0 0 -0.0523385964 0.9800697742 -0.1916348323 -2.6100793908 0.9971052676 0.0406893833 -0.0642297397 -1.1689391571 -0.0551521233 -0.1944417952 -0.9793623597 4.8124388342
22 0.4499502609 0.8189902365 0.5000000000 0.5000000000 0 0 -0.0478564713 0.9824092894 -0.1805041447 -2.6113659004 0.9973958957 0.0372383219 -0.0617635383 -1.1524208158 -0.0539554023 -0.1829898781 -0.9816330878 4.7167034098
23 0.4499502609 0.8189902365 0.5000000000 0.5000000000 0 0 -0.0433399260 0.9858295446 -0.1620548050 -2.6065513957 0.9975464400 0.0337746898 -0.0613218587 -1.1202247724 -0.0549795493 -0.1643148786 -0.9848745452 4.5989927726
24 0.4499502609 0.8189902365 0.5000000000 0.5000000000 0 0 -0.0405210598 0.9876215476 -0.1515312591 -2.5267719155 0.9977213777 0.0318061064 -0.0595014631 -1.0889985654 -0.0539453077 -0.1535970389 -0.9866599482 4.5121121484
25 0.4499502609 0.8189902365 0.5000000000 0.5000000000 0 0 -0.0383009307 0.9891053379 -0.1421396115 -2.4176233508 0.9979222778 0.0304855619 -0.0567605318 -1.0663977210 -0.0518089390 -0.1440182661 -0.9882178772 4.4333210388
26 0.4499502609 0.8189902365 0.5000000000 0.5000000000 0 0 -0.0359477792 0.9906467301 -0.1316313535 -2.2809460513 0.9982204666 0.0293233264 -0.0519234305 -1.0536555338 -0.0475779075 -0.1332636431 -0.9899379496 4.3490434571
27 0.4499502609 0.8189902365 0.5000000000 0.5000000000 0 0 -0.0340448358 0.9917966961 -0.1232082090 -2.1928630667 0.9986601733 0.0289522171 -0.0428908784 -1.0814221051 -0.0389718807 -0.1245033442 -0.9914535339 4.2542933863
28 0.4499502609 0.8189902365 0.5000000000 0.5000000000 0 0 -0.0324101579 0.9922272961 -0.1201439742 -2.1503395508 0.9989062433 0.0281033661 -0.0373700145 -1.0889006960 -0.0337030983 -0.1212237340 -0.9920528753 4.1826274631
29 0.4499502609 0.8189902365 0.5000000000 0.5000000000 0 0 -0.0295938524 0.9923878426 -0.1195431876 -2.0966632029 0.9991953354 0.0261315767 -0.0304273316 -1.0844305266 -0.0270718620 -0.1203474574 -0.9923626372 4.0604508818
30 0.4499502609 0.8189902365 0.5000000000 0.5000000000 0 0 -0.0265030532 0.9927079799 -0.1175944508 -2.0750671862 0.9994584125 0.0240186598 -0.0224941244 -1.0619287024 -0.0195056357 -0.1181269260 -0.9928069095 3.9258783079
31 0.4499502609 0.8189902365 0.5000000000 0.5000000000 0 0 -0.0227000392 0.9930224521 -0.1157199975 -2.0638024524 0.9995994622 0.0205875148 -0.0194182732 -0.9983235082 -0.0169003941 -0.1161144429 -0.9930920465 3.7981075628
32 0.4499502609 0.8189902365 0.5000000000 0.5000000000 0 0 -0.0180157828 0.9936117681 -0.1114050533 -2.0560339699 0.9997920191 0.0168376564 -0.0115070387 -0.9770260911 -0.0095577291 -0.1115891915 -0.9937084593 3.6650874242
33 0.4499502609 0.8189902365 0.5000000000 0.5000000000 0 0 -0.0140626405 0.9950011162 -0.0988687050 -2.0892796890 0.9998946619 0.0136383640 -0.0049658971 -0.9646081898 -0.0035926657 -0.0989281240 -0.9950880961 3.5676493163
34 0.4499502609 0.8189902365 0.5000000000 0.5000000000 0 0 -0.0103179854 0.9969298344 -0.0776172943 -2.1361695220 0.9999462073 0.0102046350 -0.0018568715 -0.9449982574 -0.0010591144 -0.0776322782 -0.9969814982 3.4578584484
35 0.4499502609 0.8189902365 0.5000000000 0.5000000000 0 0 -0.0076699795 0.9982677522 -0.0583323781 -2.1535654140 0.9999702374 0.0076082554 -0.0012801676 -0.9235641257 -0.0008341424 -0.0583404608 -0.9982963963 3.3676948641
36 0.4499502609 0.8189902365 0.5000000000 0.5000000000 0 0 -0.0053562495 0.9993856660 -0.0346352600 -2.0995932843 0.9999854641 0.0053316201 -0.0008034294 -0.8946863097 -0.0006182738 -0.0346390599 -0.9993996965 3.2690727518
37 0.4499502609 0.8189902365 0.5000000000 0.5000000000 0 0 -0.0038674809 0.9999083943 -0.0129709494 -2.0234963679 0.9999916815 0.0038839621 0.0012456700 -0.8603887019 0.0012959346 -0.0129660239 -0.9999150978 3.1882428407
38 0.4499502609 0.8189902365 0.5000000000 0.5000000000 0 0 -0.0026092405 0.9999701889 0.0072672742 -1.9195226326 0.9999961660 0.0026024317 0.0009462129 -0.8225686743 0.0009272721 0.0072697153 -0.9999731453 3.1182487026
39 0.4499502609 0.8189902365 0.5000000000 0.5000000000 0 0 -0.0013544106 0.9997583857 0.0219393684 -1.8435919143 0.9999982594 0.0013259293 0.0013126748 -0.8016682112 0.0012832676 0.0219411081 -0.9997584413 3.0638159568
40 0.4499502609 0.8189902365 0.5000000000 0.5000000000 0 0 0.0015928024 0.9990242662 0.0441359098 -1.7605329541 0.9999877696 -0.0017978898 0.0046074203 -0.8037373688 0.0046822762 0.0441280313 -0.9990149114 2.9840690874
41 0.4499502609 0.8189902365 0.5000000000 0.5000000000 0 0 0.0044056567 0.9984339356 0.0557697620 -1.7301195055 0.9999620680 -0.0048177099 0.0072561810 -0.8068129836 0.0075134998 0.0557356783 -0.9984172883 2.9397756420
42 0.4499502609 0.8189902365 0.5000000000 0.5000000000 0 0 0.0105424984 0.9973655443 0.0717692609 -1.7030482884 0.9999144328 -0.0110708985 0.0069686716 -0.7810541499 0.0077448631 0.0716896526 -0.9973969174 2.8766303002
43 0.4499502609 0.8189902365 0.5000000000 0.5000000000 0 0 0.0198337416 0.9959878166 0.0872633480 -1.6545584416 0.9997923379 -0.0201664013 0.0029321266 -0.7331755201 0.0046801501 0.0871870717 -0.9961809628 2.8119875768
44 0.4499502609 0.8189902365 0.5000000000 0.5000000000 0 0 0.0310753779 0.9939538657 0.1053092294 -1.5989904553 0.9994902840 -0.0316725550 0.0040026897 -0.7045366988 0.0073139013 0.1051311665 -0.9944314681 2.7282651397
45 0.4499502609 0.8189902365 0.5000000000 0.5000000000 0 0 0.0443022383 0.9904390469 0.1306438134 -1.5607202409 0.9989318019 -0.0456375661 0.0072434566 -0.6659657708 0.0131364679 0.1301833586 -0.9914029082 2.6364801458
46 0.4499502609 0.8189902365 0.5000000000 0.5000000000 0 0 0.0583809651 0.9866956084 0.1517347662 -1.5319366923 0.9981571485 -0.0602148368 0.0075153340 -0.6299073102 0.0165520312 0.1510163892 -0.9883926752 2.5828709976
47 0.4499502609 0.8189902365 0.5000000000 0.5000000000 0 0 0.0743001279 0.9809486524 0.1794971652 -1.5035873757 0.9970050911 -0.0769422929 0.0077930631 -0.6099590457 0.0214555182 0.1783805620 -0.9837276228 2.5348114603
48 0.4499502609 0.8189902365 0.5000000000 0.5000000000 0 0 0.0912515745 0.9729031008 0.2124445967 -1.4547542709 0.9954487766 -0.0950029068 0.0074953869 -0.6001485130 0.0274751394 0.2107937481 -0.9771443663 2.5057096923
